{
 "cells": [
  {
   "cell_type": "code",
   "execution_count": 462,
   "metadata": {
    "extensions": {
     "jupyter_dashboards": {
      "version": 1,
      "views": {
       "grid_default": {
        "hidden": true
       },
       "report_default": {}
      }
     }
    }
   },
   "outputs": [],
   "source": [
    "\"\"\"Lennard-Jones for specific atom\"\"\"\n",
    "\n",
    "import numpy as np\n",
    "\n",
    "class atom_props():\n",
    "    def __init__(self, sigma, epsilon):\n",
    "        self.sig = sigma\n",
    "        self.eps = epsilon\n",
    "\n",
    "def pot_LJ(atom,r):\n",
    "    sig = atom.sig\n",
    "    eps = atom.eps\n",
    "    return 4*eps*((sig/r)**12 - (sig/r)**6)   \n",
    "\n",
    "def pot_LJ_dl(r):\n",
    "    u = np.zeros(r.shape)\n",
    "    u[r != 0] = 4*((1/r[r != 0])**12 - (1/r[r != 0])**6)   \n",
    "    u[r == 0] = 0 \n",
    "    return u\n",
    "\n",
    "def grad_pot_LJ_dl(r):\n",
    "    u = np.zeros(r.shape)\n",
    "    u[r != 0] = -24*(2*(1/r[r != 0])**13 - (1/r[r != 0])**7)   \n",
    "    u[r == 0] = 0 \n",
    "    return u\n",
    "\n",
    "# Initiazlize box and particles\n",
    "def particle_generator(L, N, dim):\n",
    "    x_init = np.random.random((dim,N))*L\n",
    "    v_init = np.zeros((dim,N),dtype=float)\n",
    "    return x_init, v_init\n",
    "\n",
    "def particle_dist(L, N, x, dim):\n",
    "    # Particles NN, differences, coordinates\n",
    "\n",
    "    # Calcolate distances to NN\n",
    "    r = np.zeros((N,N),dtype=float)\n",
    "    NN_max_dist = L/2\n",
    "    # xv = np.zeros((dim,N,N),dtype=float)\n",
    "    delta_tot = np.zeros((dim,N,N))\n",
    "    \n",
    "    for i in range(dim):\n",
    "        # Difference between coordinates per dimension\n",
    "        delta = x[i,:]-np.transpose([x[i,:]])\n",
    "        '''\n",
    "        # look for NN, define 'virtual' points\n",
    "        xv[i,:,:] =  np.tile(x[i,:].reshape(N,1),N)\n",
    "        xv[i][delta > NN_max_dist] = L + xv[i][delta > NN_max_dist] \n",
    "        xv[i][delta < -NN_max_dist] = -L + xv[i][delta < -NN_max_dist] \n",
    "        '''\n",
    "        # New difference including 'virtual' coordinates\n",
    "        delta[delta > NN_max_dist] = -delta[delta > NN_max_dist]%L\n",
    "        delta[delta < -NN_max_dist] = delta[delta < -NN_max_dist]%L\n",
    "       \n",
    "        delta_tot[i] = delta\n",
    "        r += delta**2   \n",
    "        r = np.sqrt(r) \n",
    "        \n",
    "    return delta_tot, r\n",
    "\n",
    "def pot_and_force(delta_tot, r, dim, N):\n",
    "    # Potentials and Forces\n",
    "    F = np.zeros((dim,N,N),dtype=float)\n",
    "    U = pot_LJ_dl(r)\n",
    "    \n",
    "    for i in range(dim):\n",
    "        F[i][r != 0] = -grad_pot_LJ_dl(r[r != 0])*delta_tot[i][r != 0]/(r[r != 0])\n",
    "        print(\"F\",F)\n",
    "    F_sum = F.sum(axis=1)\n",
    "    print(\"Fsum\",F_sum)\n",
    "   \n",
    "    return F_sum, U"
   ]
  },
  {
   "cell_type": "code",
   "execution_count": 425,
   "metadata": {
    "extensions": {
     "jupyter_dashboards": {
      "version": 1,
      "views": {
       "grid_default": {
        "hidden": true
       },
       "report_default": {}
      }
     }
    }
   },
   "outputs": [
    {
     "data": {
      "text/plain": [
       "<matplotlib.text.Text at 0x7f13ed89a048>"
      ]
     },
     "execution_count": 425,
     "metadata": {},
     "output_type": "execute_result"
    }
   ],
   "source": [
    "# Plotting the potential for Argon\n",
    "import matplotlib.pyplot as plt\n",
    "k_b = 1.38e-23\n",
    "argon = atom_props(3.405e-10, k_b*119.8)        \n",
    "\n",
    "x_t = np.linspace(0.9,5,1000)\n",
    "u_t = pot_LJ_dl(x_t);\n",
    "\n",
    "plt.plot(x_t,u_t)\n",
    "plt.xlabel(r'Distance r/$\\sigma$')\n",
    "plt.ylabel(r'Energy u/$\\epsilon$')\n",
    "\n",
    "\n",
    "   "
   ]
  },
  {
   "cell_type": "code",
   "execution_count": 464,
   "metadata": {},
   "outputs": [],
   "source": [
    "\n",
    "# Initial positions\n",
    "L = 5 # Box size\n",
    "N = 3 # partciles\n",
    "dim = 2 # Dimensions of the probem\n",
    "\n",
    "x_init, v_init = particle_generator(L, N, dim) \n"
   ]
  },
  {
   "cell_type": "code",
   "execution_count": 465,
   "metadata": {
    "extensions": {
     "jupyter_dashboards": {
      "version": 1,
      "views": {
       "grid_default": {
        "hidden": true
       },
       "report_default": {}
      }
     }
    },
    "scrolled": true
   },
   "outputs": [
    {
     "name": "stdout",
     "output_type": "stream",
     "text": [
      "F [[[  0.00000000e+00   9.12866239e+06  -2.46773837e-01]\n",
      "  [ -9.12866239e+06   0.00000000e+00  -1.41644094e-01]\n",
      "  [ -2.46773837e-01  -1.41644094e-01   0.00000000e+00]]\n",
      "\n",
      " [[  0.00000000e+00   0.00000000e+00   0.00000000e+00]\n",
      "  [  0.00000000e+00   0.00000000e+00   0.00000000e+00]\n",
      "  [  0.00000000e+00   0.00000000e+00   0.00000000e+00]]]\n",
      "F [[[  0.00000000e+00   9.12866239e+06  -2.46773837e-01]\n",
      "  [ -9.12866239e+06   0.00000000e+00  -1.41644094e-01]\n",
      "  [ -2.46773837e-01  -1.41644094e-01   0.00000000e+00]]\n",
      "\n",
      " [[  0.00000000e+00   1.41402860e+07   3.04470859e-01]\n",
      "  [ -1.41402860e+07   0.00000000e+00   1.78372853e-01]\n",
      "  [ -3.04470859e-01  -1.78372853e-01   0.00000000e+00]]]\n",
      "Fsum [[ -9.12866264e+06   9.12866225e+06  -3.88417931e-01]\n",
      " [ -1.41402863e+07   1.41402858e+07   4.82843712e-01]]\n",
      "F [[[  0.00000000e+00   9.12866239e+06  -2.46773837e-01]\n",
      "  [ -9.12866239e+06   0.00000000e+00  -1.41644094e-01]\n",
      "  [ -2.46773837e-01  -1.41644094e-01   0.00000000e+00]]\n",
      "\n",
      " [[  0.00000000e+00   0.00000000e+00   0.00000000e+00]\n",
      "  [  0.00000000e+00   0.00000000e+00   0.00000000e+00]\n",
      "  [  0.00000000e+00   0.00000000e+00   0.00000000e+00]]]\n",
      "F [[[  0.00000000e+00   9.12866239e+06  -2.46773837e-01]\n",
      "  [ -9.12866239e+06   0.00000000e+00  -1.41644094e-01]\n",
      "  [ -2.46773837e-01  -1.41644094e-01   0.00000000e+00]]\n",
      "\n",
      " [[  0.00000000e+00   1.41402860e+07   3.04470859e-01]\n",
      "  [ -1.41402860e+07   0.00000000e+00   1.78372853e-01]\n",
      "  [ -3.04470859e-01  -1.78372853e-01   0.00000000e+00]]]\n",
      "Fsum [[ -9.12866264e+06   9.12866225e+06  -3.88417931e-01]\n",
      " [ -1.41402863e+07   1.41402858e+07   4.82843712e-01]]\n",
      "F [[[  0.00000000e+00   2.22784010e+03  -4.14975488e-01]\n",
      "  [ -2.22784010e+03   0.00000000e+00  -8.85745322e-02]\n",
      "  [ -4.14975488e-01  -8.85745322e-02   0.00000000e+00]]\n",
      "\n",
      " [[  0.00000000e+00   0.00000000e+00   0.00000000e+00]\n",
      "  [  0.00000000e+00   0.00000000e+00   0.00000000e+00]\n",
      "  [  0.00000000e+00   0.00000000e+00   0.00000000e+00]]]\n",
      "F [[[  0.00000000e+00   2.22784010e+03  -4.14975488e-01]\n",
      "  [ -2.22784010e+03   0.00000000e+00  -8.85745322e-02]\n",
      "  [ -4.14975488e-01  -8.85745322e-02   0.00000000e+00]]\n",
      "\n",
      " [[  0.00000000e+00   3.45092138e+03   5.00827096e-01]\n",
      "  [ -3.45092138e+03   0.00000000e+00   1.13272873e-01]\n",
      "  [ -5.00827096e-01  -1.13272873e-01   0.00000000e+00]]]\n",
      "Fsum [[ -2.22825507e+03   2.22775152e+03  -5.03550020e-01]\n",
      " [ -3.45142220e+03   3.45080810e+03   6.14099970e-01]]\n",
      "F [[[ 0.         -1.15234725 -1.15550391]\n",
      "  [ 1.15234725  0.         -0.03730093]\n",
      "  [-1.15550391 -0.03730093  0.        ]]\n",
      "\n",
      " [[ 0.          0.          0.        ]\n",
      "  [ 0.          0.          0.        ]\n",
      "  [ 0.          0.          0.        ]]]\n",
      "F [[[ 0.         -1.15234725 -1.15550391]\n",
      "  [ 1.15234725  0.         -0.03730093]\n",
      "  [-1.15550391 -0.03730093  0.        ]]\n",
      "\n",
      " [[ 0.         -1.78498437  1.31311572]\n",
      "  [ 1.78498437  0.          0.04889979]\n",
      "  [-1.31311572 -0.04889979  0.        ]]]\n",
      "Fsum [[-0.00315666 -1.18964818 -1.19280484]\n",
      " [ 0.47186865 -1.83388416  1.36201551]]\n",
      "F [[[ 0.         -0.15699653  0.59207014]\n",
      "  [ 0.15699653  0.         -0.01715236]\n",
      "  [ 0.59207014 -0.01715236  0.        ]]\n",
      "\n",
      " [[ 0.          0.          0.        ]\n",
      "  [ 0.          0.          0.        ]\n",
      "  [ 0.          0.          0.        ]]]\n",
      "F [[[ 0.         -0.15699653  0.59207014]\n",
      "  [ 0.15699653  0.         -0.01715236]\n",
      "  [ 0.59207014 -0.01715236  0.        ]]\n",
      "\n",
      " [[ 0.         -0.24318742 -0.60943228]\n",
      "  [ 0.24318742  0.          0.02291976]\n",
      "  [ 0.60943228 -0.02291976  0.        ]]]\n",
      "Fsum [[ 0.74906668 -0.17414889  0.57491778]\n",
      " [ 0.8526197  -0.26610718 -0.58651252]]\n",
      "F [[[  0.00000000e+00  -2.61614223e-02   2.12055641e+02]\n",
      "  [  2.61614223e-02   0.00000000e+00  -1.25237524e-02]\n",
      "  [  2.12055641e+02  -1.25237524e-02   0.00000000e+00]]\n",
      "\n",
      " [[  0.00000000e+00   0.00000000e+00   0.00000000e+00]\n",
      "  [  0.00000000e+00   0.00000000e+00   0.00000000e+00]\n",
      "  [  0.00000000e+00   0.00000000e+00   0.00000000e+00]]]\n",
      "F [[[  0.00000000e+00  -2.61614223e-02   2.12055641e+02]\n",
      "  [  2.61614223e-02   0.00000000e+00  -1.25237524e-02]\n",
      "  [  2.12055641e+02  -1.25237524e-02   0.00000000e+00]]\n",
      "\n",
      " [[  0.00000000e+00  -4.05240085e-02  -1.79652165e+02]\n",
      "  [  4.05240085e-02   0.00000000e+00  -1.59456492e-02]\n",
      "  [  1.79652165e+02  -1.59456492e-02   0.00000000e+00]]]\n",
      "Fsum [[  2.12081803e+02  -3.86851747e-02   2.12043118e+02]\n",
      " [  1.79692689e+02  -5.64696576e-02  -1.79668111e+02]]\n",
      "F [[[  0.00000000e+00  -1.71609264e-02   1.88901380e+04]\n",
      "  [  1.71609264e-02   0.00000000e+00  -2.53361455e-02]\n",
      "  [  1.88901380e+04  -2.53361455e-02   0.00000000e+00]]\n",
      "\n",
      " [[  0.00000000e+00   0.00000000e+00   0.00000000e+00]\n",
      "  [  0.00000000e+00   0.00000000e+00   0.00000000e+00]\n",
      "  [  0.00000000e+00   0.00000000e+00   0.00000000e+00]]]\n",
      "F [[[  0.00000000e+00  -1.71609264e-02   1.88901380e+04]\n",
      "  [  1.71609264e-02   0.00000000e+00  -2.53361455e-02]\n",
      "  [  1.88901380e+04  -2.53361455e-02   0.00000000e+00]]\n",
      "\n",
      " [[  0.00000000e+00  -2.25782979e-02  -8.85031476e+03]\n",
      "  [ -2.25782979e-02   0.00000000e+00  -2.59931417e-02]\n",
      "  [  8.85031476e+03  -2.59931417e-02   0.00000000e+00]]]\n",
      "Fsum [[  1.88901551e+04  -4.24970720e-02   1.88901126e+04]\n",
      " [  8.85029218e+03  -4.85714396e-02  -8.85034075e+03]]\n",
      "F [[[  0.00000000e+00  -7.34076979e-02  -1.72665846e+06]\n",
      "  [ -7.34076979e-02   0.00000000e+00  -5.07103919e-02]\n",
      "  [  1.72665846e+06  -5.07103919e-02   0.00000000e+00]]\n",
      "\n",
      " [[  0.00000000e+00   0.00000000e+00   0.00000000e+00]\n",
      "  [  0.00000000e+00   0.00000000e+00   0.00000000e+00]\n",
      "  [  0.00000000e+00   0.00000000e+00   0.00000000e+00]]]\n",
      "F [[[  0.00000000e+00  -7.34076979e-02  -1.72665846e+06]\n",
      "  [ -7.34076979e-02   0.00000000e+00  -5.07103919e-02]\n",
      "  [  1.72665846e+06  -5.07103919e-02   0.00000000e+00]]\n",
      "\n",
      " [[  0.00000000e+00  -6.01951966e-02   1.37735642e+06]\n",
      "  [ -6.01951966e-02   0.00000000e+00  -4.15053495e-02]\n",
      "  [ -1.37735642e+06  -4.15053495e-02   0.00000000e+00]]]\n",
      "Fsum [[  1.72665839e+06  -1.24118090e-01  -1.72665851e+06]\n",
      " [ -1.37735648e+06  -1.01700546e-01   1.37735638e+06]]\n",
      "F [[[  0.00000000e+00  -2.65457412e-01   1.31302214e+05]\n",
      "  [ -2.65457412e-01   0.00000000e+00  -9.86018504e-02]\n",
      "  [ -1.31302214e+05  -9.86018504e-02   0.00000000e+00]]\n",
      "\n",
      " [[  0.00000000e+00   0.00000000e+00   0.00000000e+00]\n",
      "  [  0.00000000e+00   0.00000000e+00   0.00000000e+00]\n",
      "  [  0.00000000e+00   0.00000000e+00   0.00000000e+00]]]\n",
      "F [[[  0.00000000e+00  -2.65457412e-01   1.31302214e+05]\n",
      "  [ -2.65457412e-01   0.00000000e+00  -9.86018504e-02]\n",
      "  [ -1.31302214e+05  -9.86018504e-02   0.00000000e+00]]\n",
      "\n",
      " [[  0.00000000e+00   1.24935484e-01   1.99478908e+06]\n",
      "  [ -1.24935484e-01   0.00000000e+00  -6.32997685e-02]\n",
      "  [ -1.99478908e+06   6.32997685e-02   0.00000000e+00]]]\n",
      "Fsum [[ -1.31302479e+05  -3.64059263e-01   1.31302115e+05]\n",
      " [ -1.99478920e+06   1.88235253e-01   1.99478901e+06]]\n",
      "F [[[  0.           1.13384927  95.07043059]\n",
      "  [ -1.13384927   0.          -0.20363119]\n",
      "  [-95.07043059   0.20363119   0.        ]]\n",
      "\n",
      " [[  0.           0.           0.        ]\n",
      "  [  0.           0.           0.        ]\n",
      "  [  0.           0.           0.        ]]]\n",
      "F [[[  0.00000000e+00   1.13384927e+00   9.50704306e+01]\n",
      "  [ -1.13384927e+00   0.00000000e+00  -2.03631185e-01]\n",
      "  [ -9.50704306e+01   2.03631185e-01   0.00000000e+00]]\n",
      "\n",
      " [[  0.00000000e+00   3.05122121e-01   3.89938571e+02]\n",
      "  [ -3.05122121e-01   0.00000000e+00  -1.12825440e-01]\n",
      "  [ -3.89938571e+02   1.12825440e-01   0.00000000e+00]]]\n",
      "Fsum [[ -96.20427985    1.33748045   94.8667994 ]\n",
      " [-390.24369277    0.41794756  389.82574521]]\n",
      "F [[[ 0.          2.64271887 -0.61702243]\n",
      "  [-2.64271887  0.         -0.42938092]\n",
      "  [ 0.61702243  0.42938092  0.        ]]\n",
      "\n",
      " [[ 0.          0.          0.        ]\n",
      "  [ 0.          0.          0.        ]\n",
      "  [ 0.          0.          0.        ]]]\n",
      "F [[[ 0.          2.64271887 -0.61702243]\n",
      "  [-2.64271887  0.         -0.42938092]\n",
      "  [ 0.61702243  0.42938092  0.        ]]\n",
      "\n",
      " [[ 0.         -0.01960786 -2.02287858]\n",
      "  [ 0.01960786  0.         -0.2101261 ]\n",
      "  [ 2.02287858  0.2101261   0.        ]]]\n",
      "Fsum [[-2.02569644  3.07209979 -1.04640335]\n",
      " [ 2.04248644  0.19051824 -2.23300469]]\n",
      "F [[[ 0.          2.06026175 -0.26059977]\n",
      "  [-2.06026175  0.         -0.90727301]\n",
      "  [ 0.26059977  0.90727301  0.        ]]\n",
      "\n",
      " [[ 0.          0.          0.        ]\n",
      "  [ 0.          0.          0.        ]\n",
      "  [ 0.          0.          0.        ]]]\n",
      "F [[[ 0.          2.06026175 -0.26059977]\n",
      "  [-2.06026175  0.         -0.90727301]\n",
      "  [ 0.26059977  0.90727301  0.        ]]\n",
      "\n",
      " [[ 0.         -0.85398015 -0.77560813]\n",
      "  [ 0.85398015  0.         -0.37338283]\n",
      "  [ 0.77560813  0.37338283  0.        ]]]\n",
      "Fsum [[-1.79966198  2.96753476 -1.16787279]\n",
      " [ 1.62958827 -0.48059731 -1.14899096]]\n",
      "F [[[ 0.          0.52649084 -0.07313097]\n",
      "  [-0.52649084  0.         -1.79228228]\n",
      "  [ 0.07313097  1.79228228  0.        ]]\n",
      "\n",
      " [[ 0.          0.          0.        ]\n",
      "  [ 0.          0.          0.        ]\n",
      "  [ 0.          0.          0.        ]]]\n",
      "F [[[ 0.          0.52649084 -0.07313097]\n",
      "  [-0.52649084  0.         -1.79228228]\n",
      "  [ 0.07313097  1.79228228  0.        ]]\n",
      "\n",
      " [[ 0.         -0.56501539 -0.20617924]\n",
      "  [ 0.56501539  0.         -0.56661294]\n",
      "  [ 0.20617924  0.56661294  0.        ]]]\n",
      "Fsum [[ -4.53359873e-01   2.31877312e+00  -1.86541324e+00]\n",
      " [  7.71194629e-01   1.59755385e-03  -7.72792183e-01]]\n",
      "F [[[ 0.          0.06674871 -0.02401231]\n",
      "  [-0.06674871  0.         -2.79406854]\n",
      "  [ 0.02401231  2.79406854  0.        ]]\n",
      "\n",
      " [[ 0.          0.          0.        ]\n",
      "  [ 0.          0.          0.        ]\n",
      "  [ 0.          0.          0.        ]]]\n",
      "F [[[ 0.          0.06674871 -0.02401231]\n",
      "  [-0.06674871  0.         -2.79406854]\n",
      "  [ 0.02401231  2.79406854  0.        ]]\n",
      "\n",
      " [[ 0.         -0.15492231 -0.06539054]\n",
      "  [-0.15492231  0.         -0.54888287]\n",
      "  [-0.06539054  0.54888287  0.        ]]]\n",
      "Fsum [[-0.04273639  2.86081724 -2.81808085]\n",
      " [-0.22031285  0.39396056 -0.61427341]]\n",
      "F [[[ 0.          0.00675831 -0.00913198]\n",
      "  [-0.00675831  0.         -1.9868842 ]\n",
      "  [ 0.00913198  1.9868842   0.        ]]\n",
      "\n",
      " [[ 0.          0.          0.        ]\n",
      "  [ 0.          0.          0.        ]\n",
      "  [ 0.          0.          0.        ]]]\n",
      "F [[[ 0.          0.00675831 -0.00913198]\n",
      "  [-0.00675831  0.         -1.9868842 ]\n",
      "  [ 0.00913198  1.9868842   0.        ]]\n",
      "\n",
      " [[ 0.         -0.037764   -0.02427559]\n",
      "  [-0.037764    0.         -0.08310993]\n",
      "  [-0.02427559  0.08310993  0.        ]]]\n",
      "Fsum [[ 0.00237367  1.99364251 -1.99601618]\n",
      " [-0.06203959  0.04534593 -0.10738552]]\n",
      "F [[[ 0.          0.00718464 -0.02202496]\n",
      "  [-0.00718464  0.          2.19102611]\n",
      "  [ 0.02202496 -2.19102611  0.        ]]\n",
      "\n",
      " [[ 0.          0.          0.        ]\n",
      "  [ 0.          0.          0.        ]\n",
      "  [ 0.          0.          0.        ]]]\n",
      "F [[[ 0.          0.00718464 -0.02202496]\n",
      "  [-0.00718464  0.          2.19102611]\n",
      "  [ 0.02202496 -2.19102611  0.        ]]\n",
      "\n",
      " [[ 0.          0.17350571  0.04454418]\n",
      "  [-0.17350571  0.         -0.36283873]\n",
      "  [-0.04454418  0.36283873  0.        ]]]\n",
      "Fsum [[ 0.01484032 -2.18384147  2.16900115]\n",
      " [-0.21804989  0.53634444 -0.31829455]]\n",
      "F [[[ 0.         -0.22178546 -0.06532706]\n",
      "  [ 0.22178546  0.          3.70241253]\n",
      "  [ 0.06532706 -3.70241253  0.        ]]\n",
      "\n",
      " [[ 0.          0.          0.        ]\n",
      "  [ 0.          0.          0.        ]\n",
      "  [ 0.          0.          0.        ]]]\n",
      "F [[[ 0.         -0.22178546 -0.06532706]\n",
      "  [ 0.22178546  0.          3.70241253]\n",
      "  [ 0.06532706 -3.70241253  0.        ]]\n",
      "\n",
      " [[ 0.          1.15658363  0.09732981]\n",
      "  [-1.15658363  0.         -1.69749681]\n",
      "  [-0.09732981  1.69749681  0.        ]]]\n",
      "Fsum [[ 0.28711252 -3.92419799  3.63708547]\n",
      " [-1.25391345  2.85408044 -1.60016699]]\n",
      "F [[[ 0.          0.27693759 -0.1936025 ]\n",
      "  [-0.27693759  0.          0.34299305]\n",
      "  [ 0.1936025  -0.34299305  0.        ]]\n",
      "\n",
      " [[ 0.          0.          0.        ]\n",
      "  [ 0.          0.          0.        ]\n",
      "  [ 0.          0.          0.        ]]]\n",
      "F [[[ 0.          0.27693759 -0.1936025 ]\n",
      "  [-0.27693759  0.          0.34299305]\n",
      "  [ 0.1936025  -0.34299305  0.        ]]\n",
      "\n",
      " [[ 0.         -0.3558918   0.20785243]\n",
      "  [ 0.3558918   0.         -0.30983041]\n",
      "  [-0.20785243  0.30983041  0.        ]]]\n",
      "Fsum [[-0.08333509 -0.06605546  0.14939055]\n",
      " [ 0.14803936 -0.04606138 -0.10197798]]\n"
     ]
    },
    {
     "name": "stdout",
     "output_type": "stream",
     "text": [
      "F [[[  0.          22.79140312  -0.53470489]\n",
      "  [-22.79140312   0.          -1.05733831]\n",
      "  [  0.53470489   1.05733831   0.        ]]\n",
      "\n",
      " [[  0.           0.           0.        ]\n",
      "  [  0.           0.           0.        ]\n",
      "  [  0.           0.           0.        ]]]\n",
      "F [[[  0.          22.79140312  -0.53470489]\n",
      "  [-22.79140312   0.          -1.05733831]\n",
      "  [  0.53470489   1.05733831   0.        ]]\n",
      "\n",
      " [[  0.          -4.53387532   0.39528896]\n",
      "  [  4.53387532   0.           1.75492394]\n",
      "  [ -0.39528896  -1.75492394   0.        ]]]\n",
      "Fsum [[-22.25669823  23.84874144  -1.5920432 ]\n",
      " [  4.13858636  -6.28879927   2.15021291]]\n",
      "F [[[ 0.         -2.51708501 -1.21802534]\n",
      "  [ 2.51708501  0.         -0.56620365]\n",
      "  [ 1.21802534  0.56620365  0.        ]]\n",
      "\n",
      " [[ 0.          0.          0.        ]\n",
      "  [ 0.          0.          0.        ]\n",
      "  [ 0.          0.          0.        ]]]\n",
      "F [[[ 0.         -2.51708501 -1.21802534]\n",
      "  [ 2.51708501  0.         -0.56620365]\n",
      "  [ 1.21802534  0.56620365  0.        ]]\n",
      "\n",
      " [[ 0.         -0.78053352  0.56619041]\n",
      "  [ 0.78053352  0.          1.8298344 ]\n",
      "  [-0.56619041 -1.8298344   0.        ]]]\n",
      "Fsum [[ 3.73511034 -1.95088136 -1.78422899]\n",
      " [ 0.2143431  -2.61036792  2.39602481]]\n",
      "F [[[ 0.         -0.69672206 -2.00423443]\n",
      "  [ 0.69672206  0.         -0.13321218]\n",
      "  [ 2.00423443  0.13321218  0.        ]]\n",
      "\n",
      " [[ 0.          0.          0.        ]\n",
      "  [ 0.          0.          0.        ]\n",
      "  [ 0.          0.          0.        ]]]\n",
      "F [[[ 0.         -0.69672206 -2.00423443]\n",
      "  [ 0.69672206  0.         -0.13321218]\n",
      "  [ 2.00423443  0.13321218  0.        ]]\n",
      "\n",
      " [[ 0.         -0.42180859  0.47210602]\n",
      "  [ 0.42180859  0.          1.12975689]\n",
      "  [-0.47210602 -1.12975689  0.        ]]]\n",
      "Fsum [[ 2.70095649 -0.56350988 -2.13744661]\n",
      " [-0.05029743 -1.55156548  1.60186291]]\n",
      "F [[[ 0.         -0.10642241 -2.26546406]\n",
      "  [ 0.10642241  0.          0.00923269]\n",
      "  [ 2.26546406 -0.00923269  0.        ]]\n",
      "\n",
      " [[ 0.          0.          0.        ]\n",
      "  [ 0.          0.          0.        ]\n",
      "  [ 0.          0.          0.        ]]]\n",
      "F [[[ 0.         -0.10642241 -2.26546406]\n",
      "  [ 0.10642241  0.          0.00923269]\n",
      "  [ 2.26546406 -0.00923269  0.        ]]\n",
      "\n",
      " [[ 0.         -0.08495382  0.09313597]\n",
      "  [ 0.08495382  0.          0.54178838]\n",
      "  [-0.09313597 -0.54178838  0.        ]]]\n",
      "Fsum [[ 2.37188647 -0.1156551  -2.25623138]\n",
      " [-0.00818215 -0.62674219  0.63492434]]\n",
      "F [[[ 0.         -0.02068989 -1.75970302]\n",
      "  [ 0.02068989  0.          0.0210719 ]\n",
      "  [ 1.75970302 -0.0210719   0.        ]]\n",
      "\n",
      " [[ 0.          0.          0.        ]\n",
      "  [ 0.          0.          0.        ]\n",
      "  [ 0.          0.          0.        ]]]\n",
      "F [[[ 0.         -0.02068989 -1.75970302]\n",
      "  [ 0.02068989  0.          0.0210719 ]\n",
      "  [ 1.75970302 -0.0210719   0.        ]]\n",
      "\n",
      " [[ 0.         -0.01932638 -0.22149161]\n",
      "  [ 0.01932638  0.          0.17969413]\n",
      "  [ 0.22149161 -0.17969413  0.        ]]]\n",
      "Fsum [[ 1.78039291 -0.04176179 -1.73863112]\n",
      " [ 0.24081798 -0.19902051 -0.04179748]]\n",
      "F [[[ 0.          0.02139255 -0.9690686 ]\n",
      "  [-0.02139255  0.         -0.01372613]\n",
      "  [ 0.9690686  -0.01372613  0.        ]]\n",
      "\n",
      " [[ 0.          0.          0.        ]\n",
      "  [ 0.          0.          0.        ]\n",
      "  [ 0.          0.          0.        ]]]\n",
      "F [[[ 0.          0.02139255 -0.9690686 ]\n",
      "  [-0.02139255  0.         -0.01372613]\n",
      "  [ 0.9690686  -0.01372613  0.        ]]\n",
      "\n",
      " [[ 0.         -0.02050811 -0.26244327]\n",
      "  [-0.02050811  0.          0.07052131]\n",
      "  [ 0.26244327 -0.07052131  0.        ]]]\n",
      "Fsum [[ 0.94767605  0.00766641 -0.98279474]\n",
      " [ 0.24193516 -0.09102943 -0.19192196]]\n",
      "F [[[ 0.          0.11225434 -0.42761293]\n",
      "  [-0.11225434  0.         -0.00805714]\n",
      "  [ 0.42761293 -0.00805714  0.        ]]\n",
      "\n",
      " [[ 0.          0.          0.        ]\n",
      "  [ 0.          0.          0.        ]\n",
      "  [ 0.          0.          0.        ]]]\n",
      "F [[[ 0.          0.11225434 -0.42761293]\n",
      "  [-0.11225434  0.         -0.00805714]\n",
      "  [ 0.42761293 -0.00805714  0.        ]]\n",
      "\n",
      " [[ 0.         -0.09230477 -0.17011824]\n",
      "  [-0.09230477  0.          0.03145172]\n",
      "  [ 0.17011824 -0.03145172  0.        ]]]\n",
      "Fsum [[ 0.3153586   0.1041972  -0.43567007]\n",
      " [ 0.07781347 -0.12375649 -0.13866652]]\n",
      "F [[[ 0.          0.7562026  -0.18921716]\n",
      "  [-0.7562026   0.         -0.0133763 ]\n",
      "  [-0.18921716 -0.0133763   0.        ]]\n",
      "\n",
      " [[ 0.          0.          0.        ]\n",
      "  [ 0.          0.          0.        ]\n",
      "  [ 0.          0.          0.        ]]]\n",
      "F [[[ 0.          0.7562026  -0.18921716]\n",
      "  [-0.7562026   0.         -0.0133763 ]\n",
      "  [-0.18921716 -0.0133763   0.        ]]\n",
      "\n",
      " [[ 0.         -0.47346192 -0.10337601]\n",
      "  [-0.47346192  0.         -0.03767318]\n",
      "  [ 0.10337601 -0.03767318  0.        ]]]\n",
      "Fsum [[-0.94541976  0.7428263  -0.20259346]\n",
      " [-0.37008591 -0.51113509 -0.14104918]]\n",
      "F [[[ 0.          2.11012379 -0.08228768]\n",
      "  [-2.11012379  0.         -0.03083987]\n",
      "  [-0.08228768 -0.03083987  0.        ]]\n",
      "\n",
      " [[ 0.          0.          0.        ]\n",
      "  [ 0.          0.          0.        ]\n",
      "  [ 0.          0.          0.        ]]]\n",
      "F [[[ 0.          2.11012379 -0.08228768]\n",
      "  [-2.11012379  0.         -0.03083987]\n",
      "  [-0.08228768 -0.03083987  0.        ]]\n",
      "\n",
      " [[ 0.          0.67468605 -0.06067815]\n",
      "  [-0.67468605  0.         -0.06244501]\n",
      "  [ 0.06067815  0.06244501  0.        ]]]\n",
      "Fsum [[-2.19241147  2.07928392 -0.11312755]\n",
      " [-0.61400789  0.73713106 -0.12312316]]\n",
      "F [[[  0.00000000e+00  -4.07679805e+01  -3.42546119e-02]\n",
      "  [  4.07679805e+01   0.00000000e+00  -6.84983723e-02]\n",
      "  [ -3.42546119e-02  -6.84983723e-02   0.00000000e+00]]\n",
      "\n",
      " [[  0.00000000e+00   0.00000000e+00   0.00000000e+00]\n",
      "  [  0.00000000e+00   0.00000000e+00   0.00000000e+00]\n",
      "  [  0.00000000e+00   0.00000000e+00   0.00000000e+00]]]\n",
      "F [[[  0.00000000e+00  -4.07679805e+01  -3.42546119e-02]\n",
      "  [  4.07679805e+01   0.00000000e+00  -6.84983723e-02]\n",
      "  [ -3.42546119e-02  -6.84983723e-02   0.00000000e+00]]\n",
      "\n",
      " [[  0.00000000e+00   9.20982804e+00  -3.27371225e-02]\n",
      "  [ -9.20982804e+00   0.00000000e+00  -1.02121289e-01]\n",
      "  [  3.27371225e-02   1.02121289e-01   0.00000000e+00]]]\n",
      "Fsum [[ 40.73372588 -40.83647886  -0.10275298]\n",
      " [ -9.17709091   9.31194933  -0.13485841]]\n",
      "F [[[ 0.         -1.29577678 -0.01423328]\n",
      "  [ 1.29577678  0.         -0.14554265]\n",
      "  [-0.01423328 -0.14554265  0.        ]]\n",
      "\n",
      " [[ 0.          0.          0.        ]\n",
      "  [ 0.          0.          0.        ]\n",
      "  [ 0.          0.          0.        ]]]\n",
      "F [[[ 0.         -1.29577678 -0.01423328]\n",
      "  [ 1.29577678  0.         -0.14554265]\n",
      "  [-0.01423328 -0.14554265  0.        ]]\n",
      "\n",
      " [[ 0.          1.90578294 -0.01718729]\n",
      "  [ 1.90578294  0.         -0.16102307]\n",
      "  [-0.01718729  0.16102307  0.        ]]]\n",
      "Fsum [[ 1.2815435  -1.44131943 -0.15977593]\n",
      " [ 1.88859565  2.06680601 -0.17821036]]\n",
      "F [[[ 0.          0.17368424 -0.01787092]\n",
      "  [-0.17368424  0.         -0.28988205]\n",
      "  [-0.01787092 -0.28988205  0.        ]]\n",
      "\n",
      " [[ 0.          0.          0.        ]\n",
      "  [ 0.          0.          0.        ]\n",
      "  [ 0.          0.          0.        ]]]\n",
      "F [[[ 0.          0.17368424 -0.01787092]\n",
      "  [-0.17368424  0.         -0.28988205]\n",
      "  [-0.01787092 -0.28988205  0.        ]]\n",
      "\n",
      " [[ 0.         -1.24280962  0.02250108]\n",
      "  [-1.24280962  0.         -0.23662557]\n",
      "  [-0.02250108  0.23662557  0.        ]]]\n",
      "Fsum [[-0.19155516 -0.11619781 -0.30775297]\n",
      " [-1.2653107  -1.00618404 -0.2141245 ]]\n",
      "F [[[ 0.         -0.01202659 -0.04669938]\n",
      "  [ 0.01202659  0.         -0.52470802]\n",
      "  [-0.04669938 -0.52470802  0.        ]]\n",
      "\n",
      " [[ 0.          0.          0.        ]\n",
      "  [ 0.          0.          0.        ]\n",
      "  [ 0.          0.          0.        ]]]\n",
      "F [[[ 0.         -0.01202659 -0.04669938]\n",
      "  [ 0.01202659  0.         -0.52470802]\n",
      "  [-0.04669938 -0.52470802  0.        ]]\n",
      "\n",
      " [[ 0.         -0.15687397  0.05428865]\n",
      "  [-0.15687397  0.         -0.30938965]\n",
      "  [-0.05428865  0.30938965  0.        ]]]\n",
      "Fsum [[-0.03467279 -0.53673461 -0.5714074 ]\n",
      " [-0.21116263  0.15251568 -0.255101  ]]\n",
      "F [[[ 0.         -0.00775616 -0.13610835]\n",
      "  [ 0.00775616  0.         -0.83281788]\n",
      "  [-0.13610835 -0.83281788  0.        ]]\n",
      "\n",
      " [[ 0.          0.          0.        ]\n",
      "  [ 0.          0.          0.        ]\n",
      "  [ 0.          0.          0.        ]]]\n",
      "F [[[ 0.         -0.00775616 -0.13610835]\n",
      "  [ 0.00775616  0.         -0.83281788]\n",
      "  [-0.13610835 -0.83281788  0.        ]]\n",
      "\n",
      " [[ 0.          0.03706689  0.14245949]\n",
      "  [-0.03706689  0.         -0.33952414]\n",
      "  [-0.14245949  0.33952414  0.        ]]]\n",
      "Fsum [[-0.12835219 -0.84057404 -0.96892623]\n",
      " [-0.17952637  0.37659103 -0.19706465]]\n",
      "F [[[ 0.         -0.07042815 -0.43846836]\n",
      "  [ 0.07042815  0.         -1.12395675]\n",
      "  [-0.43846836 -1.12395675  0.        ]]\n",
      "\n",
      " [[ 0.          0.          0.        ]\n",
      "  [ 0.          0.          0.        ]\n",
      "  [ 0.          0.          0.        ]]]\n",
      "F [[[ 0.         -0.07042815 -0.43846836]\n",
      "  [ 0.07042815  0.         -1.12395675]\n",
      "  [-0.43846836 -1.12395675  0.        ]]\n",
      "\n",
      " [[ 0.          0.14901869  0.39686854]\n",
      "  [-0.14901869  0.         -0.29040123]\n",
      "  [-0.39686854  0.29040123  0.        ]]]\n",
      "Fsum [[-0.36804022 -1.1943849  -1.56242512]\n",
      " [-0.54588723  0.43941992  0.10646731]]\n",
      "F [[[ 0.         -0.5245161  -1.39399751]\n",
      "  [ 0.5245161   0.         -1.26753614]\n",
      "  [-1.39399751 -1.26753614  0.        ]]\n",
      "\n",
      " [[ 0.          0.          0.        ]\n",
      "  [ 0.          0.          0.        ]\n",
      "  [ 0.          0.          0.        ]]]\n",
      "F [[[ 0.         -0.5245161  -1.39399751]\n",
      "  [ 0.5245161   0.         -1.26753614]\n",
      "  [-1.39399751 -1.26753614  0.        ]]\n",
      "\n",
      " [[ 0.          0.52527     1.01523786]\n",
      "  [-0.52527     0.         -0.16941171]\n",
      "  [-1.01523786  0.16941171  0.        ]]]\n",
      "Fsum [[-0.86948141 -1.79205223 -2.66153364]\n",
      " [-1.54050786  0.6946817   0.84582615]]\n",
      "F [[[ 0.         -1.98363858 -1.31725353]\n",
      "  [ 1.98363858  0.         -1.48490506]\n",
      "  [-1.31725353  1.48490506  0.        ]]\n",
      "\n",
      " [[ 0.          0.          0.        ]\n",
      "  [ 0.          0.          0.        ]\n",
      "  [ 0.          0.          0.        ]]]\n",
      "F [[[ 0.         -1.98363858 -1.31725353]\n",
      "  [ 1.98363858  0.         -1.48490506]\n",
      "  [-1.31725353  1.48490506  0.        ]]\n",
      "\n",
      " [[ 0.          0.77177767  0.66005365]\n",
      "  [-0.77177767  0.         -0.04516558]\n",
      "  [-0.66005365  0.04516558  0.        ]]]\n",
      "Fsum [[ 0.66638506 -0.49873353 -2.80215858]\n",
      " [-1.43183132  0.81694325  0.61488807]]\n",
      "F [[[  0.          -2.4820576   39.41585562]\n",
      "  [  2.4820576    0.          -1.75759483]\n",
      "  [ 39.41585562   1.75759483   0.        ]]\n",
      "\n",
      " [[  0.           0.           0.        ]\n",
      "  [  0.           0.           0.        ]\n",
      "  [  0.           0.           0.        ]]]\n",
      "F [[[  0.00000000e+00  -2.48205760e+00   3.94158556e+01]\n",
      "  [  2.48205760e+00   0.00000000e+00  -1.75759483e+00]\n",
      "  [  3.94158556e+01   1.75759483e+00   0.00000000e+00]]\n",
      "\n",
      " [[  0.00000000e+00   4.64558583e-03  -7.81985811e+00]\n",
      "  [ -4.64558583e-03   0.00000000e+00   1.41321848e-01]\n",
      "  [  7.81985811e+00  -1.41321848e-01   0.00000000e+00]]]\n",
      "Fsum [[ 41.89791322  -0.72446277  37.65826079]\n",
      " [  7.81521253  -0.13667626  -7.67853627]]\n",
      "F [[[   0.           -1.042423    149.17279178]\n",
      "  [   1.042423      0.           -1.71909367]\n",
      "  [ 149.17279178    1.71909367    0.        ]]\n",
      "\n",
      " [[   0.            0.            0.        ]\n",
      "  [   0.            0.            0.        ]\n",
      "  [   0.            0.            0.        ]]]\n",
      "F [[[   0.           -1.042423    149.17279178]\n",
      "  [   1.042423      0.           -1.71909367]\n",
      "  [ 149.17279178    1.71909367    0.        ]]\n",
      "\n",
      " [[   0.           -0.27631077   33.54605546]\n",
      "  [   0.27631077    0.            0.36660896]\n",
      "  [ -33.54605546   -0.36660896    0.        ]]]\n",
      "Fsum [[ 150.21521478    0.67667067  147.4536981 ]\n",
      " [ -33.26974469   -0.64291973   33.91266442]]\n",
      "F [[[  0.           0.25810833 -48.54629303]\n",
      "  [ -0.25810833   0.          -1.38165248]\n",
      "  [ 48.54629303   1.38165248   0.        ]]\n",
      "\n",
      " [[  0.           0.           0.        ]\n",
      "  [  0.           0.           0.        ]\n",
      "  [  0.           0.           0.        ]]]\n",
      "F [[[  0.           0.25810833 -48.54629303]\n",
      "  [ -0.25810833   0.          -1.38165248]\n",
      "  [ 48.54629303   1.38165248   0.        ]]\n",
      "\n",
      " [[  0.          -0.12834548  41.68765195]\n",
      "  [  0.12834548   0.           0.51871105]\n",
      "  [-41.68765195  -0.51871105   0.        ]]]\n",
      "Fsum [[ 48.2881847    1.63976082 -49.92794551]\n",
      " [-41.55930647  -0.64705653  42.206363  ]]\n",
      "F [[[ 0.          0.06284977 -0.61418014]\n",
      "  [-0.06284977  0.         -0.91635018]\n",
      "  [ 0.61418014  0.91635018  0.        ]]\n",
      "\n",
      " [[ 0.          0.          0.        ]\n",
      "  [ 0.          0.          0.        ]\n",
      "  [ 0.          0.          0.        ]]]\n",
      "F [[[ 0.          0.06284977 -0.61418014]\n",
      "  [-0.06284977  0.         -0.91635018]\n",
      "  [ 0.61418014  0.91635018  0.        ]]\n",
      "\n",
      " [[ 0.         -0.05489791  1.17447834]\n",
      "  [ 0.05489791  0.          0.52949345]\n",
      "  [-1.17447834 -0.52949345  0.        ]]]\n",
      "Fsum [[ 0.55133037  0.97919995 -1.53053032]\n",
      " [-1.11958042 -0.58439136  1.70397178]]\n",
      "F [[[ 0.          0.01332707  0.46107801]\n",
      "  [-0.01332707  0.         -0.51229177]\n",
      "  [-0.46107801  0.51229177  0.        ]]\n",
      "\n",
      " [[ 0.          0.          0.        ]\n",
      "  [ 0.          0.          0.        ]\n",
      "  [ 0.          0.          0.        ]]]\n",
      "F [[[ 0.          0.01332707  0.46107801]\n",
      "  [-0.01332707  0.         -0.51229177]\n",
      "  [-0.46107801  0.51229177  0.        ]]\n",
      "\n",
      " [[ 0.         -0.01870746 -1.84834221]\n",
      "  [ 0.01870746  0.          0.42906961]\n",
      "  [ 1.84834221 -0.42906961  0.        ]]]\n",
      "Fsum [[-0.47440508  0.52561884 -0.05121376]\n",
      " [ 1.86704967 -0.44777707 -1.41927259]]\n",
      "F [[[ 0.          0.03823554  0.06956333]\n",
      "  [-0.03823554  0.         -0.25063019]\n",
      "  [-0.06956333  0.25063019  0.        ]]\n",
      "\n",
      " [[ 0.          0.          0.        ]\n",
      "  [ 0.          0.          0.        ]\n",
      "  [ 0.          0.          0.        ]]]\n",
      "F [[[ 0.          0.03823554  0.06956333]\n",
      "  [-0.03823554  0.         -0.25063019]\n",
      "  [-0.06956333  0.25063019  0.        ]]\n",
      "\n",
      " [[ 0.         -0.05658212 -0.71054639]\n",
      "  [-0.05658212  0.          0.29648454]\n",
      "  [ 0.71054639 -0.29648454  0.        ]]]\n",
      "Fsum [[-0.10779887  0.28886573 -0.18106686]\n",
      " [ 0.65396426 -0.35306666 -0.41406185]]\n",
      "F [[[ 0.          0.28027282  0.000381  ]\n",
      "  [-0.28027282  0.         -0.11152565]\n",
      "  [-0.000381    0.11152565  0.        ]]\n",
      "\n",
      " [[ 0.          0.          0.        ]\n",
      "  [ 0.          0.          0.        ]\n",
      "  [ 0.          0.          0.        ]]]\n",
      "F [[[  0.00000000e+00   2.80272821e-01   3.81002894e-04]\n",
      "  [ -2.80272821e-01   0.00000000e+00  -1.11525648e-01]\n",
      "  [ -3.81002894e-04   1.11525648e-01   0.00000000e+00]]\n",
      "\n",
      " [[  0.00000000e+00  -3.91717987e-01  -2.38212981e-01]\n",
      "  [ -3.91717987e-01   0.00000000e+00   1.85671281e-01]\n",
      "  [  2.38212981e-01  -1.85671281e-01   0.00000000e+00]]]\n",
      "Fsum [[-0.28065382  0.39179847 -0.11114464]\n",
      " [-0.15350501 -0.57738927 -0.0525417 ]]\n",
      "F [[[ 0.          0.60586382 -0.00441603]\n",
      "  [-0.60586382  0.         -0.04630666]\n",
      "  [ 0.00441603  0.04630666  0.        ]]\n",
      "\n",
      " [[ 0.          0.          0.        ]\n",
      "  [ 0.          0.          0.        ]\n",
      "  [ 0.          0.          0.        ]]]\n",
      "F [[[ 0.          0.60586382 -0.00441603]\n",
      "  [-0.60586382  0.         -0.04630666]\n",
      "  [ 0.00441603  0.04630666  0.        ]]\n",
      "\n",
      " [[ 0.         -0.74414675 -0.06793199]\n",
      "  [-0.74414675  0.          0.11039308]\n",
      "  [ 0.06793199 -0.11039308  0.        ]]]\n",
      "Fsum [[-0.60144779  0.65217049 -0.05072269]\n",
      " [-0.67621476 -0.85453983  0.04246109]]\n",
      "F [[[  0.00000000e+00  -2.13394508e+04  -5.62639715e-03]\n",
      "  [  2.13394508e+04   0.00000000e+00  -1.80023197e-02]\n",
      "  [  5.62639715e-03   1.80023197e-02   0.00000000e+00]]\n",
      "\n",
      " [[  0.00000000e+00   0.00000000e+00   0.00000000e+00]\n",
      "  [  0.00000000e+00   0.00000000e+00   0.00000000e+00]\n",
      "  [  0.00000000e+00   0.00000000e+00   0.00000000e+00]]]\n",
      "F [[[  0.00000000e+00  -2.13394508e+04  -5.62639715e-03]\n",
      "  [  2.13394508e+04   0.00000000e+00  -1.80023197e-02]\n",
      "  [  5.62639715e-03   1.80023197e-02   0.00000000e+00]]\n",
      "\n",
      " [[  0.00000000e+00  -1.44312663e+04  -4.48725384e-02]\n",
      "  [  1.44312663e+04   0.00000000e+00  -6.43182299e-02]\n",
